# Created by Octave 3.8.1, Fri Nov 07 16:48:33 2014 CET <damien@ubuntu>
# name: code
# type: cell
# rows: 1
# columns: 4
# name: <cell-element>
# type: matrix
# rows: 20
# columns: 16
 -32.45265868880966 -20.65038317167863 -26.44658212822692 -8.586493569519162 -30.310659424766 -17.9432333595439 -20.69891788407258 -7.839844993681019 -30.87097076324202 -18.43472582917044 -23.40366223247592 -3.135501367987674 -27.7008067024366 -16.47923290125046 -13.15066006419776 -4.07222543382049
 1.01810569223611 1.5815469647795 6.72767239204311 13.02311399085333 3.520723590798057 3.505894417127402 9.945122181539814 4.92471137757304 2.445820614291688 2.782157597896064 7.938162837700811 15.1576979565894 4.890052371067322 4.058653782498224 12.6107047361284 3.008836117965351
 2.51246897761105 2.243151618995103 6.558142846072019 3.414308068086039 4.651577381311822 3.821013058009466 6.391790872176093 -1.888035547872215 3.305083863534777 2.567351820337668 6.125347317776156 1.822133586775066 5.298489547425858 3.371256721769598 5.737635424408339 -2.479348948998896
 -0.7785907883529963 -1.301684756967278 3.577645646811095 0.7832540578912994 1.446740576260788 0.3570227800017381 1.908138986179602 2.562701681817038 0.08499229914582175 -0.9012807657385365 2.542618366386735 -0.009331825745124865 1.432522971233824 -0.4260866466009564 2.110415111838488 3.830143431038093
 -0.4552575812123876 -0.3268024696401085 3.484560313213011 1.156511747440448 1.304268478297779 0.8028365571759247 -0.4185062831872879 1.554722249997155 0.3538204110772976 -0.3055917339488476 1.425644505896544 1.88561960934609 0.4864452521129728 0.2664201589633795 -0.4737688375163986 0.9176749926424996
 -0.4006723297960296 -0.2121209677167118 2.678626000439456 0.4715974019095725 1.136764533079199 0.2424356233402416 -1.92651097248692 0.3954561832494679 0.1367234051143144 -0.6403452036743659 0.4039623244483408 0.9919698273112284 0.2011555130664207 0.1624510270385435 -2.191317299041492 1.046754732928317
 0.4665433737784713 0.40297999488444 2.293738947068092 0.2616152565751526 1.382590451858549 0.9493145086844773 -0.8092469590165248 0.05492376353713171 0.9484917129622994 0.369851903999128 0.8911274096930532 -0.04122020744493913 0.8365462501328483 0.8443471560868586 -0.8336960820915114 0.09551294670095259
 0.6170805600812579 0.1808014974034958 1.274368497332868 -0.9033018215499575 0.8629030389319861 0.7490598681327184 0.3043633193832007 -0.09593431685300263 0.4698458183540918 0.011757381202705 0.6346303830536375 -1.57460193473225 0.3581796936700044 0.5598009132557586 0.1655993877940752 -0.04154271870650198
 0.3583443248809863 0.06813438255293035 0.3247510553696151 -0.9882307643894804 0.6566604139486886 0.7043066561208934 1.261360621630198 -0.6047618830529279 0.2610787855140986 0.2382401068047294 0.5429403152931906 -1.173002852525564 0.296015655623498 0.4363917232090774 0.7414723164874779 -0.8090198074640282
 -0.1548060901120053 -0.09013023687455661 -0.3729434654939766 -0.5704236657229578 0.01412448360011155 0.00577874988779313 0.8163273671098852 -1.131305158939993 -0.109806417527543 -0.1209526944727036 0.3139393908254298 -0.511735279426049 0.2844549225608122 0.1243656256238608 0.3437566496978306 -1.125781017758639
 -0.124454854137839 -0.3453206240249351 -0.7006519544687793 0.04400204141917078 -0.1519422859745958 -0.1428205870961675 0.3195776002011148 -0.7686988635153371 -0.1529854208599729 -0.1644869485434215 0.2090994546891722 0.3961323838307749 0.11883289994246 -0.132421345596947 -0.1028990276919127 -0.5050546331606671
 -0.2115949893315223 -0.1665371090594496 -0.7490766027160669 0.5573333722980539 -0.1015604218867871 -0.1184748966187576 -0.08199203627924784 0.6019523969459863 -0.1165243656719071 -0.00682989899137474 -0.3874859764573041 0.7409388983206004 0.02863968300825779 -0.07094856314733269 0.1682639883428776 0.9099594383784276
 -0.07763432275170551 -0.08941712735368437 -0.7788057154249023 0.1414141425018244 -0.325329065405387 -0.1216464897180489 -0.05482924687812117 0.3064926946119736 -0.1219597846593159 0.1987766304078523 -0.5666656793821104 0.3052791168235559 -0.2587939846772613 0.02303144496796684 -0.01116887958768827 0.3006318472373304
 0.1048074357115097 -0.1720120604105087 -0.6432155479714865 -0.2564916164071201 -0.4688236419915722 -0.2352508095393473 -0.5776134567393209 -0.154518689497842 -0.05796496479049353 -0.07033537214699412 -0.7381047271501053 -0.2490463489631693 -0.3132782969181966 -0.04582080203195359 -0.4428356589416919 -0.2503865531276059
 -0.1449617996507687 0.1020291338020535 -0.6032087700258155 -0.04047216085881538 -0.4210227449659956 -0.3105107710212225 -0.7246608353627 -0.01893184756183871 -0.1126986560066387 -0.05451289408061197 -0.5529639765351861 -0.1442822769433242 -0.4872431373602077 -0.2114347304273549 -0.3758073609252113 -0.2325085475321295
 -0.1968412885346402 -0.165311122660698 -0.3704778809731625 0.03151333210928491 -0.4359639169013959 -0.337778611840015 0.05861466257471473 0.3844972374120739 -0.1838570760676601 -0.184104682951221 -0.2548300496204031 0.06750234903508136 -0.369984754971486 -0.2722908454895032 0.162586178176335 0.1804019338226375
 -0.1955683664623374 -0.3212088638347121 -0.1146932864667537 -0.3962956928204012 -0.3085125282890564 -0.2627903530825415 0.1686076312154208 -0.6004228973535221 -0.2258190954352653 -0.2045623938048929 -0.1298830027019221 -0.2277134368234737 -0.143021453161819 -0.3462819270384213 0.1949356882470911 -0.1876299465315828
 -0.05828439954395986 -0.1643871232107614 -0.01667162466038312 -0.4337608839897578 -0.209647374427217 -0.131606446468549 -0.1627996898586864 -0.4807212028682578 -0.1306653595820581 0.004252893926132749 0.1151820414592482 -0.4927004962710705 -0.08905805596779727 -0.09790823761204827 -0.03314904735451007 -0.4431635455039322
 -0.01922679715879321 0.098568099763056 0.005779196494576737 0.07519892963985367 -0.1573976251271116 -0.1286748480329957 -0.1764352018674396 -0.1219660582220374 -0.09445188702290215 0.07132087900639233 0.08131728400976068 0.3102424954677006 -0.04634107023779564 -0.06842986381202128 -0.2982098394726702 0.1659646543252195
 -0.06030207144467153 0.07145682611028567 0.05356846077172261 0.1808782400839453 0.03878724869428522 -0.05203561950639068 -0.06308406820215701 0.02023071246159837 -0.05188644483364237 0.1289012865235038 -0.007607657752460078 0.4408006235074142 -0.01835311157382892 -0.02568987740653953 -0.1391085365913223 0.2485230628858496



