# Created by Octave 3.8.1, Fri Nov 07 16:48:09 2014 CET <damien@ubuntu>
# name: code
# type: cell
# rows: 1
# columns: 4
# name: <cell-element>
# type: matrix
# rows: 20
# columns: 16
 -29.35310255139545 -0.01242818612097827 -23.3490035812704 -10.78702885696735 -26.13906121588877 -3.163443574390724 -17.62246273625057 12.47780265802934 -28.0390770965925 5.778022845120716 -19.52174401520543 -10.44102825067099 -23.59376926266174 1.477555365689134 -16.33559195946843 -0.6436861924527585
 2.890394366224667 18.51614191162871 8.601469083464238 14.75507223440228 6.210221244321708 16.70589674821614 12.06434126415013 2.734225371539033 4.400907902636922 17.26315364021983 8.617240825487853 6.132681673773215 7.335311516691232 13.1512022653268 5.655243234553178 5.260483922543935
 2.789701003004458 0.9535526422735622 5.347346829475922 3.467250728859851 5.888762179534505 2.60596972000811 3.661082647445884 0.1103682068572149 4.128684937774347 -0.4564395067594924 5.669248188759675 3.069858742016443 5.727708948208189 2.624641095599956 3.35100233304088 2.774622197855171
 -0.7044590946449142 0.8335122974896934 1.230178747850432 0.6170547991662387 2.684487794408585 0.644027444988978 -0.474323331210015 -1.553839095833484 0.8032960499520304 0.706473996629664 3.015388507786903 2.023222746544983 2.482485333566512 1.432609733342387 1.636481905667478 1.392391379064185
 -0.05982421912659588 1.073222707062265 1.213045102968408 1.094914108494434 2.872388477139474 0.5900499265584922 0.664315018605162 -0.7133885791064845 1.442496457349732 -0.5502889769111261 2.195131180980132 1.130916459047851 2.407202065027616 1.209335732207963 1.315461181374565 0.4916259649922345
 0.1296026757044355 -0.2085419189980683 0.5781981546059597 0.4726509720811037 2.055100071450025 -0.3858257525389682 0.2955861468950945 -1.308307972008158 1.250739656721108 -1.507073387995808 1.262365027440324 0.8309485376307409 1.627280944299557 -0.02759411593673363 1.236781756575287 0.6049746549344166
 0.9289796082370767 -0.4249710331363366 0.09242179578313914 -0.3575294371338869 1.767113867356992 -0.6356784097231718 0.07278225893189252 -0.687996199095773 1.372880223872098 -1.494858787365729 1.15065090946987 1.222710607874743 1.877526271655886 -0.8103171517911124 1.282897536370204 0.8360090950922473
 0.2360759300895791 -0.9410494942883563 -0.8714031828114115 -0.9142134302392874 1.144829635193397 -0.9563408004572634 -0.6189246762756837 -0.170734725863914 0.7854865579475735 -1.234664686762954 0.273251945811144 0.5680854310144433 1.24947740625573 -1.491537152467797 0.9213089343540387 -0.006252496837414447
 -0.07483853822015792 -1.485444851787438 -0.6868998074645108 -0.3699974378537588 0.6711050330388021 -1.180264040866622 -0.645090314760152 -0.7184774136592579 0.6745815535529464 -1.369021061276048 -0.03059876744608755 0.1921342555410846 0.8063806423363457 -1.463512403016453 0.4612424955506484 -0.01769930566222125
 -0.3171182811259663 -1.243435363293988 -0.5712214879754205 -0.3953935516488639 -0.01096027934923261 -1.077195210247957 -0.7892846777264753 0.01854033020201129 0.1677647785924354 -1.2300726479881 -0.1960881131906501 0.5082112696727287 0.2649971418458821 -1.060070275925789 0.7154682045792353 0.3470853935830437
 -0.07154635187301613 -0.399175267275088 -0.1242516435800549 -0.2139035756641272 -0.1963653810471759 -0.3468712444415945 -0.01742041559395626 -1.053738341084084 0.08179580957377075 -0.6996765283092338 -0.2411710050838026 -0.2484842330480481 -0.1445754489359484 -0.3984220240436426 -0.1207758925858268 -0.6628265380410691
 0.1444922056851739 0.48721444662915 0.2324315508002024 0.2722572813960875 -0.2333209393950385 0.5309664309574342 0.1448411575546079 0.1189165736476379 -0.09133090038600486 0.3071882783165004 -0.2279739582937717 0.09684946714129926 -0.3131897246163921 0.4085118430264928 0.04653776769482601 0.2812149615301521
 -0.05533237945680984 0.3533403537158361 0.2680438246897929 0.3247604554272095 -0.4478549050254932 0.375185200607038 0.296230309505633 -0.05513974790886202 -0.330076451975967 0.3825163762016859 -0.2927993404288346 -0.01894942356406027 -0.5759270610327805 0.3449203856435389 -0.4689166729101714 0.05375701665975472
 -0.1280477441341636 -0.1114444487844208 0.07522985445696088 -0.2720652600048619 -0.6412974043033535 -0.2327321257901058 -0.0009746273404471778 -0.5356312824582886 -0.4358787299784145 0.0589738376479952 -0.5222301483807333 -0.624933315182523 -0.7600171188021533 -0.09526858157835484 -0.9995058913825901 -0.6865481695848147
 -0.1777700757786779 0.1772611679831695 -0.05835902857376746 -0.1031441559345287 -0.7036627232540499 0.0094668336979117 -0.2854593895244245 -0.09753065770124236 -0.4332181882452772 -0.06572213304689194 -0.3340063185826322 -0.2859557203361048 -0.6984008640877237 0.05519985113758644 -0.2537438329688176 0.3831479611198295
 -0.1395258394487105 0.1278812089249463 -0.1022878815692163 -0.2134868492233665 -0.5962189345784765 -0.05902155926913186 -0.2300466715598891 -0.1205251196128106 -0.4572409636873491 -0.402799985710862 -0.04637136042937764 -0.4270852993438358 -0.5679332670357066 0.07250217592118705 -0.2567178625238346 -0.3029336744858945
 -0.1563062330544974 -0.1933517530119143 -0.1277290034362891 -0.2053076600460241 -0.5498228105126014 -0.2258320994541371 0.01791649711804297 0.2336005180305838 -0.4405688542094799 -0.3871989725951797 -0.2234370329599086 -0.3433555324600895 -0.4954050760986477 -0.1364961378230514 -0.3384676663247355 -0.340333631395218
 -0.1085483515765062 -0.4822392431132069 -0.1280672197271736 0.1406900226280359 -0.4584858705190403 -0.270624569420656 0.1522883253752745 -0.6087505400343407 -0.4132729470814149 -0.4545388932810899 -0.2039200695434476 -0.5293556474689199 -0.398754601813441 -0.4411294902166541 -0.4819153859274046 -0.2185871299101093
 -0.1285573554481869 -0.1523661825135397 -0.1595541076621757 0.02426070179088191 -0.2424058400366785 -0.1632344048230695 -0.1328994512269916 0.3388890204008063 -0.2587441944634723 0.1550376786022509 0.06966335597277924 -0.05730617176989834 -0.2046225528156356 -0.3074596537880646 -0.1585842665572975 0.3056210603869688
 -0.005636758892971484 0.296139215711693 -0.0913734788583373 -0.1343056964784295 -0.1655460802808144 0.1900740127605663 -0.1236663602036084 0.3592722473200725 -0.0896203985041879 0.485270943475578 0.06201465514437131 -0.1350199545536526 -0.1794985368836348 0.05185192642252236 -0.2974103788879174 0.02420426487516309



