# Created by Octave 3.8.1, Fri Nov 07 16:26:56 2014 CET <damien@ubuntu>
# name: code
# type: cell
# rows: 1
# columns: 4
# name: <cell-element>
# type: matrix
# rows: 20
# columns: 16
 -28.6762925371022 -7.422815388453806 -21.63951609997923 -2.85154708437701 -25.26987045053088 -14.92689669499952 -16.97871335028357 3.228954821670741 -25.86581203284772 -6.259285065300674 -18.37740973431041 -2.983818732140849 -20.45908669066862 -11.46934348751783 -16.69709774396625 -0.04677352181321961
 3.275820379489398 18.39994815150473 3.005437212851942 19.67608573497339 7.072702695034346 13.28258213133347 3.896657336888804 16.09846777790316 3.365780260057909 13.54984687044533 2.619340864453689 15.42663217259024 9.607396741058437 13.62257845116646 -2.173685434910344 14.01466899137161
 3.970553373076459 4.007028971442137 3.019317064305288 2.547209450618659 5.071965061916885 3.859521910721024 4.089468825637343 2.890695777465699 3.337753704471756 3.196863951059808 3.043170431688008 3.674394874769572 3.743867815471546 3.572099237465271 0.09584012574149968 3.668462905407152
 0.7361309965302966 -0.243491983309217 -0.4529235572740837 -1.382929322751849 1.318465152122551 0.2698605105273276 0.6621010073176923 0.105724748235732 0.1778614711260873 0.8241365075859285 -0.5043500767669633 0.2575445114433841 0.7550266973841497 0.855286816475887 6.436129933020257 0.6529066707870526
 0.8962871955122189 2.571694066500842 -0.171389765215285 1.301447147080834 1.32633563210923 1.282451228484704 1.168379192366019 0.3414027568541353 0.3448172153438174 1.327385426155343 0.3409218941460231 1.215737258422339 1.414673613778483 1.833241978251572 -1.442261383671684 0.7045220121370669
 0.4230153034606096 2.302377073186657 -0.1578206063899077 3.178851733211723 0.8768332925562907 1.65973869545366 0.629376974520049 -0.008226526496556225 0.01260395767921924 0.9882538400972599 -0.05130863464547866 1.847483116578323 1.173300551742042 1.849559226759155 0.5523296781652296 0.3190145536861275
 0.7378719218787921 -0.9581087709935326 0.2539870619849461 0.3035379962252102 0.6749329846136488 0.7336303193058492 1.382661775315267 -1.454328865546054 0.6658877686090865 -0.9657281004656563 1.003669537056997 0.1623578839172618 0.9433054614423357 0.1501175427608289 1.363236746854499 -1.292702161034386
 0.3736068217338629 -2.65555849366981 -0.1427623817720808 -2.886994853207579 -0.7157681419211116 -1.16188769031073 0.7275779003932896 -2.258262114983517 -0.00147177474557392 -2.445237494641937 0.4919240576776055 -1.981788246843654 -0.4662903137064323 -1.821063245229049 -0.968734679799562 -2.490091937484566
 0.4513515527391719 -0.8750893645468929 -0.04711399823921 -1.111101465122718 -0.5735343280163528 -0.07817359679210364 0.5154679966750595 -1.438212980274957 0.05532994534779208 -1.28688571821124 0.3404989202150623 -1.754895969009221 -0.18693938150549 -0.7806616161426955 -0.2804960853814631 -2.04133110087534
 0.2599938551229853 -0.4482680015426339 -0.08237541937182044 -0.7495864677069816 -0.4470510748754806 -0.2065985348731811 0.06426091866829267 -1.143315420653885 0.1687874991460994 -0.4427017826649831 -0.06691598820909998 -0.7859181834189056 -0.3047773474385359 -0.4141291167578616 0.4018785376563602 -1.220861739525845
 -0.02497190388785336 -0.2982002675097118 0.1636151457920227 -0.9390563763444771 -0.187181750123913 -0.5447974410390389 0.01384633856801692 -0.8058139143132164 0.2777969484931699 -0.2067870163515673 -0.2154222605824425 0.06688308467493474 -0.8230943965149493 -0.353642952512293 0.2421555573129189 -0.1989107361950857
 -0.09716216188236791 0.5587218197359904 0.1406981599452362 0.7797685993754029 0.1500510357046504 0.2446261149466105 -0.07020589768965246 0.664800429167379 0.1472796352127423 0.08115102422677652 -0.09499504432580018 0.7172716389726727 -0.08594229180420568 0.4570973792325475 0.1119108528616574 0.9873775710753204
 -0.1996888799122156 0.6508483128328587 0.1391072169585399 0.9681682153938098 0.2038195989703339 0.548658439286694 -0.1665318289110625 1.174163447426192 0.01434309286863137 0.3012954964901273 -0.005220432597999237 0.6165356652628702 0.3140596166339559 0.7859329915011984 -0.5480837511597939 1.257628254800825
 -0.1774597673730888 0.04480999937057541 -0.2978540853984346 0.1658938185104489 0.06440955066179621 -0.02525909783406161 -0.3402030987926711 0.325558050120807 -0.2154493505309149 0.2544870656491606 -0.1680657053819132 0.2041666320921875 -0.06635746562331792 0.3799376444474936 0.4480698176971932 0.3607149453652156
 -0.3133975699941402 -0.2584423789544231 -0.1291904528175311 -0.2222346937186868 -0.03685500116825659 -0.4289218535765048 -0.439866883337717 -0.5463730864047845 -0.3776285697168295 -0.01938572933059286 -0.2716999203948718 -0.1513619721141996 -0.02599187516932591 -0.1826658246238103 -0.2852870329893081 -0.5916112654460284
 -0.3482077340521938 -0.2269687036750617 -0.1165485916307925 -0.3011323793254777 -0.07823232902591719 -0.222273599313013 -0.4074409316706568 -0.7236828193020434 -0.3332779218585234 -0.2140631512960592 -0.1971549011340205 -0.3494471086586778 0.02116745986598282 -0.3266310405375553 -0.1963609474011278 -0.7372113993791924
 -0.2778468159120348 -0.1260144562581617 -0.1632232169814727 -0.07548712607090929 -0.2735682444581289 -0.06785270445959761 -0.3921749699665742 -0.1793137038304205 -0.1516452848367595 -0.1653606549404945 -0.04786225959709826 -0.2416126385431993 -0.2193543352994772 -0.2689604363605856 -0.6259346532282904 -0.2465287120660336
 -0.2051926272428501 -0.2295314642481424 -0.09964103538354681 -0.1562895051764881 -0.2866915416885885 -0.02013858125272402 -0.2399690605996393 0.09323895744795768 -0.165583112751165 -0.1082858488484073 -0.06134352002315733 -0.09841339255902007 -0.1508803606804565 -0.1960846836270258 0.06786293988381523 0.07645006339884457
 -0.09647861249417439 -0.02164837603927671 -0.07388645441565339 -0.2755967319099942 -0.1883188203909648 -0.0563103187314121 -0.06442948458445734 -0.01575669959515916 -0.09816924248069904 -0.01813331542990372 -0.08170516643940159 -0.02248056412121219 -0.1354097208265256 -0.2040295096583843 -0.1319035146492049 0.0007433661069948057
 -0.03325269275990063 0.3406528538601991 0.06561671536596403 0.1972174739624268 -0.1231346397630036 -0.08882214939955839 -0.07181011046593527 -0.02314904579119391 -0.01125246375291061 0.07960186862206418 -0.0395135625999764 0.1220816448648132 -0.08888280499006962 -0.1123049366899814 -0.01154155171985122 -0.04308600921372809



