# Created by Octave 3.8.1, Fri Nov 07 16:47:45 2014 CET <damien@ubuntu>
# name: code
# type: cell
# rows: 1
# columns: 4
# name: <cell-element>
# type: matrix
# rows: 20
# columns: 16
 -30.22666637136262 -16.56940534885568 -24.15895178101253 -5.586572389028941 -28.39859854345011 -10.29196791901598 -18.55711701252035 -10.65607808917278 -27.86377543889522 -13.48210019336546 -22.73593618322011 2.380904880167114 -26.07863278934145 -6.34221437431249 -13.93098557147141 -8.702038411488099
 5.549189102887182 15.05319561941634 11.24133045587368 16.94886368909719 7.85856929179007 15.99593504073063 7.577889907818155 6.972151662105808 6.203967767427577 13.44486218472635 10.16956995689331 14.0399973718006 8.512283757744035 12.9356514113936 7.775357957231003 4.891975647244981
 -4.185911546526066 -0.9950258379011512 0.8580756314985534 -2.687800944655983 -2.67311100779302 -1.466983272772418 -4.075248845393905 -2.702583532377592 -3.834464196879103 1.249887947486355 -1.992061276868141 -5.966820600751929 -2.130501309029753 0.2401898113951722 -3.566014530911787 -1.893659177866069
 4.891132137202674 2.811016532431706 7.617918494022514 3.116712676968896 6.01013109333053 1.951358725503392 7.791786069134086 9.318966848145458 4.947000851187975 5.70058232858899 7.182064318692484 4.642356885189268 5.978902127555393 1.676252407031933 8.409993593459859 8.257292672082576
 -4.862697403849058 -2.486675745009411 -1.939976721108566 -1.571820048232762 -3.883332733352743 -1.850546061454073 -5.330957690730878 -5.972110135732711 -5.352196012508789 -0.1764405649620864 -3.805558454839067 -3.916529927491707 -4.66500235819862 -0.6060324962090204 -4.000060767599081 -5.460861291336899
 2.086732263948006 2.971655629414572 2.622042048903257 1.903395134401158 2.575119382145818 1.683747772098959 2.07442636311881 3.461482757686558 2.647636385221394 2.583475737922502 1.917890227471451 3.134180550985152 2.357014594992142 1.272506743087021 2.911349801269297 2.866707171246133
 -2.218120612759601 -0.8498334588741709 -1.356894572303315 -2.425562905412026 -1.408890753823536 -0.807613157928344 -1.537700095579093 -1.534298854432445 -1.793283440866507 -1.564997722650542 -1.651927309431401 -2.283960776447711 -1.754596342454513 -1.126059025246709 -2.559831482340984 -0.75468337758494
 -0.7141500596611606 -1.177533821828023 -1.009071046687458 -2.170618346161511 -0.2263403525962598 -1.46298050686443 -0.195641757916898 -0.4176833616753327 -0.2426562146202962 -2.165085013760329 -0.723872099147331 -2.263786223667002 -0.3979149026720392 -1.686279505743622 -1.010035528484869 -0.8609904491565499
 0.4923439984669611 0.3096051255604738 0.02143905478244417 1.3499724790351 0.5495301734849841 0.5178571675302717 0.07205326869101995 0.0493203715836527 0.5903485825027859 0.4837267064017335 0.2158982132994201 2.117067694039378 0.115404919824722 0.9172639303207548 0.6479973250717002 0.05251279662101339
 -1.33878334331627 -1.690995861249277 -2.027336228773455 -1.707200006065065 -1.328223542764934 -1.432576694004201 -1.977370400960566 -1.197127244483665 -1.06811494360817 -1.819443591992544 -1.522419609864109 -1.727908888065322 -1.11434123011815 -0.8942594085050107 -1.496520097507891 -1.327410343397976
 0.4198138545033628 0.4941810123498237 -0.03470561216384886 0.3327622560972739 0.3184626562320502 0.07603452545358358 0.8170752128205762 0.4418965107933212 0.5807457172103028 -0.07532395605361625 0.7510493392468808 0.2889507538542822 0.6737936787956522 0.08839556508944342 0.7806207237113592 0.5315793367611107
 -0.7997931928501975 0.3357460464279608 -0.8076064779741454 0.5607841008547676 -0.8906902986129853 0.3498772743417543 -0.6142520083360068 -0.8839378025853528 -0.7970243910713156 0.06421691451928199 -0.4763074555914549 0.1830795201280929 -0.5901573343588002 0.8493960417357834 -0.5234616621676766 -1.025691296616404
 0.2739718195044189 0.75328311821198 0.2577534447858741 0.5787288412319866 0.3008356073981922 0.378467574415237 0.6772899479630053 1.107998035755456 0.1860414789784807 0.2162076897426672 0.692054336633402 0.103824042899551 0.4364759475712433 0.2873749686158859 0.7611316005812895 1.066196832659506
 -0.1393292120891118 0.1190150695756213 0.2712330635182147 0.05762843504750462 0.05429591428921426 0.1349978547622524 -0.17498239715005 -0.2463551911891001 -0.29086011379307 0.2023162940908512 0.2170616746187424 -0.3571974228851882 -0.07175210593204905 0.1772224455569718 -0.2492011808715999 -0.1373019286116147
 -0.1400278656283268 -0.2791733477325283 0.138190540745473 -0.1609074266533062 -0.05893547698859018 -0.0689640280424741 -0.1345199533657629 0.04712071310138708 0.04168510807054668 -0.1633530525237305 -0.1243412699039516 -0.2259459113579791 -0.03139230923348855 -0.0932696965841654 0.05053573350085829 -0.2214480130880004
 0.06349133032921619 -0.007534062502331974 0.3578428936326089 0.1252473966741696 0.08129839977436533 -0.09560354113686671 -0.2329595608168315 -0.3363849938533944 0.1596296610819876 0.08954509389932978 0.1294858856245453 0.1547505207835705 -0.04588949740357469 -0.02961245081909583 0.01717726605681121 0.1068421693129013
 -0.1672795068256868 -0.4297091106533739 -0.1489099588970554 -1.008706114405138 -0.07762088213133686 -0.7361370576724028 -0.2366602428564563 -0.05232257667222654 0.09567618380983504 -0.106873288606083 -0.2301174667346022 -0.2100020119716063 0.1114018347336112 -0.4053935295847773 -0.1298429409134974 -0.1838469058864378
 -0.02291175023510035 0.07543984694248654 -0.1764743372714354 0.2079392113882032 -0.00981628855954852 0.09886107114070544 -0.0152480372206338 0.02573289125105283 -0.2023330198734146 0.07909243365468374 -0.1222720757754867 0.1585586738605296 -0.1809555058328436 -0.03847617378328847 0.02166281542621861 0.173583969522385
 -0.1375352382027862 0.1743198407652877 -0.3205807548746201 0.4486670860364493 -0.1982793226745883 0.345815598214437 -0.2696493745557282 -0.05909681264060104 -0.2226332522766338 -0.2636094551181035 -0.1991327550716582 -0.02630040733210724 -0.132560588429077 0.2494318757958756 -0.3816462649496383 -0.2979827900935045
 -0.05668565984819841 0.3117343083455129 -0.002147877919087152 0.09580734935354972 0.01328884396333598 0.1217453597560507 0.40923512184231 0.5401283687766991 -0.09665256353429827 0.04184350312425836 0.3676227425469131 0.05576774658792231 0.1200782424893341 -0.07422466806994435 0.4764221352395852 0.3256913992146991



